Blocks
0,760,250,30
380,760,440,30
740,710,80,30
635,660,40,30
0,630,580,30
370,560,100,20
20,560,100,20
160,490,190,20
350,505,180,5
530,490,300,20
400,420,80,25
550,370,450,20
0,305,250,20
250,320,150,5
400,305,100,20
0,235,100,20
140,170,100,30
340,140,80,30
500,105,430,30
Enemies
630,450
670,330
550,65
160,590
340,590
170,265
Coins
305,685
700,640
715,440
575,300
50,590
80,465
210,435
305,230
30,275
165,125
275,65
620,65
400,520
Lava Pits
250,775,130,20
350,495,180,10
250,310,150,10
main.java.Checkpoint
760,65,40,40