Blocks
0,760,250,30
380,760,440,30
740,710,80,30
635,660,40,30
0,630,580,30
370,560,100,20
20,560,100,20
160,490,190,20
350,505,180,5
530,490,300,20
400,420,80,25
550,375,450,20
0,305,250,20
250,320,150,5
400,305,100,20
0,235,100,20
140,170,100,30
340,140,80,30
500,105,430,30
Enemies
630,460
670,345
550,75
160,600
340,600
170,275
Coins
325,700
720,670
735,455
595,315
70,605
100,480
230,450
325,245
50,280
185,140
295,80
640,80
420,535
Lava Pits
250,775,130,20
350,495,180,10
250,310,150,10
main.java.Checkpoint
760,65,40,40