Blocks
0,760,320,30
480,760,100,30
680,760,140,30
100,690,90,20
230,620,590,30
720,550,100,30
600,485,65,30
540,510,60,5
485,485,55,30
355,510,130,5
300,485,55,30
180,510,120,5
0,485,180,30
45,420,30,30
155,360,675,30
290,295,80,20
370,310,110,5
480,295,340,20
520,230,100,20
460,160,30,30
0,160,400,30
600,115,220,30
Lava Pits
320,770,160,20
580,770,100,20
540,490,60,20
355,490,130,20
180,490,120,20
370,300,110,10
Enemies
765,720
170,120
235,320
420,580
300,580
Coins
700,725
510,725
360,585
760,585
760,325
610,325
480,325
360,325
760,240
10,125
80,125
630,55
Checkpoint
770,70,30,30


