Blocks
0,760,820,30
90,690,100,20
340,690,100,20
610,690,100,20
215,630,100,20
475,630,100,20
130,565,30,30
250,530,15,15
0,500,100,20
510,530,15,15
640,565,30,30
720,500,100,20
370,555,30,30
375,490,15,15
0,440,340,5
0,420,130,20
260,420,80,20
435,440,390,5
435,420,100,20
650,420,255,20
0,360,20,20
85,300,90,20
225,260,90,20
460,260,90,20
610,295,100,20
800,360,20,20
370,210,30,30
0,160,340,5
0,140,130,20
260,140,80,20
435,140,100,20
435,140,100,20
650,140,255,20
435,160,390,5
350,70,70,20
Lava Pits
130,145,130,15
535,145,115,15
130,425,130,15
535,425,115,15
Coins
120,660
370,660
640,660
245,590
505,590
125,515
30,465
635,515
750,465
365,515
290,385
465,385
250,225
485,225
30,105
750,105
5,325
795,325
main.java.Checkpoint
780,65,30,30