Blocks
0,760,820,30
160,690,25,20
390,690,25,20
620,690,25,20
720,640,100,30
500,570,170,30
210,550,170,5
0,535,90,20
135,480,50,20
210,530,50,20
330,530,50,20
570,505,30,20
0,415,90,20
135,350,50,20
0,285,90,20
135,215,50,20
0,150,90,20
240,420,580,5
240,400,80,20
480,400,25,20
670,400,150,20
780,340,20,20
240,290,440,5
700,200,120,20
740,100,80,20
270,145,100,20
370,160,150,5
520,145,100,20
240,270,150,20
640,270,95,25
Lava Pits
260,535,70,15
320,405,160,15
505,405,165,15
390,280,250,10
370,150,150,10
Coins
10,485
10,365
10,235
10,110
215,720
455,720
770,720
785,365
472,365
525,495
305,220
775,165
305,75
Enemies
170,720
410,720
625,720
570,530
Checkpoint
775,65,30,30